24
Т 01010101000
е 010101010001
с 01010010101
т 010010101
о 0100
в 0
а 01010010
я 010101010010
  010100
р 0101010010
к 01010100
, 0101010100101
й 010101010100
м 0101010101001
н 01010100101
г 0101010101010
д 01010101010101
и 01001000
ы 010010001
х 010010010
б 0100100101
у 010010100
 0100101001

 0101001010
01010101000 010101010001 01010010101 010010101 0100 0 01010010 010101010010 010100 01010010101 010010101 0101010010 0100 01010100 01010010 0101010100101 010100 0 010100 01010100 0100 010010101 0100 0101010010 0100 010101010100 010100 0101010101001 01010100101 0100 0101010101010 0100 010100 0100 01010101010101 01001000 01010100101 01010010 01010100 0100 0 010010001 010010010 010100 0100100101 010010100 01010100 0 0 0 0 0 0 0 0 0 0 0 0 0 0 0 0 0 0 0100101001 0101001010 0 0 0 0 0 0 0 0 0 0 0 0 0 0 0 0 0 0 0 0 0 0 0 0 